.Random.seed <-
c(403L, 10L, 723364647L, -1293039794L, -1602621528L, -1174340693L, 
1566275785L, 834797784L, -1541350010L, -1341131679L, -451103245L, 
1961620578L, 151302868L, -104401961L, 1977641421L, 1762827620L, 
-483993270L, 559702197L, -828192753L, -226893546L, -1047102528L, 
1451087747L, 1883714977L, -1043318384L, 964706926L, -1923984359L, 
-1306261333L, 290602138L, -29688740L, 626125151L, 357276469L, 
-146948404L, -205214686L, -790499715L, -1643277449L, -2066256738L, 
-1193813160L, -1210769733L, -1331920807L, -1352170520L, 1665091094L, 
-677385839L, 1928350275L, 1724696914L, -1794474524L, 1232364583L, 
-34434947L, -398328460L, -1151766182L, 1991554981L, 1877006271L, 
755313734L, -1105986864L, -300940045L, -964910575L, 1038439488L, 
1348753438L, -1814862103L, -404671461L, 857594922L, 63930188L, 
1413440783L, -344397755L, 1229345276L, -1711357870L, 2019158477L, 
1932245895L, -736776594L, -641786296L, 929364043L, -1984360023L, 
-820843272L, -657901530L, -2085934783L, -1187092781L, 656477826L, 
-1287080780L, 1517448247L, 740331309L, -1494283196L, -1435971222L, 
-757166635L, 994012015L, -20426122L, -135133792L, -1181052317L, 
1305613057L, -1420981648L, -666606066L, 1255861881L, -2007320053L, 
-1207536838L, -2043213252L, 150555007L, -498203947L, 1753813740L, 
149242946L, -770049123L, -2124803561L, -2083854466L, 1890157880L, 
738923035L, 826760057L, 549354952L, -1017609738L, -1539238863L, 
-1654806941L, 84187698L, 328779652L, -72124985L, -544220003L, 
1750768660L, -1486144838L, -928277755L, -1344896801L, -1456268954L, 
-738603792L, 1397848083L, -1496175183L, 953559136L, 162309630L, 
-42593911L, 1637549755L, 2138227338L, 1482120556L, -334026001L, 
1514935589L, -1870486564L, 971149746L, 1795952813L, 1640407143L, 
270321550L, 1741107304L, 914300011L, 1150158345L, -2104006504L, 
1122915270L, 438527777L, 1186759603L, -1701352670L, 191290644L, 
-77148777L, 1175451021L, 196285604L, 1742386826L, -1056559883L, 
1413428047L, 680569942L, 982036224L, 1554623043L, -428928543L, 
619017552L, -485954642L, -1971582631L, 1695512427L, -1277835558L, 
-1585199204L, -779396193L, 1554760181L, 1845458060L, -1445520030L, 
1344459069L, -809518665L, -105628066L, -2099259496L, -535570693L, 
-578347367L, -1621752024L, 947928534L, 474374737L, -1599293181L, 
2131342482L, -379614684L, 1842697447L, 2144635197L, 779017652L, 
-826990054L, -777787035L, -1662134273L, -1740861818L, 1063163408L, 
1020153011L, 26134353L, 1801661184L, -383561250L, 216300073L, 
469940699L, -1915967766L, 97109132L, 1489750991L, -1454898299L, 
-447066052L, -1447911150L, 218064397L, -1780026041L, -1862295762L, 
-1199836536L, -173829237L, 1119978345L, -1720320712L, 1403162598L, 
-366000255L, -1963434221L, -1065948990L, 2126431092L, 1599999863L, 
-1734903699L, -1164683516L, 1114154538L, -1326937195L, -1719422929L, 
652200246L, 643098976L, 376186787L, 656224449L, -1766784848L, 
1737805774L, 560513849L, 530910027L, 632578298L, 798120444L, 
405486143L, -1133474027L, -1186571220L, -1937881854L, 469921245L, 
825421015L, 870610878L, -1199906312L, 1033053842L, 1894505824L, 
-1272493748L, 639726560L, 791486882L, -1401833048L, -153815412L, 
397983164L, -578899342L, -2055091216L, 1854243396L, 1119187032L, 
611566650L, -1324026768L, -795220932L, -605166316L, -165213502L, 
2076128992L, -1774629764L, -610972976L, 1998989730L, 736762920L, 
536815372L, 634834364L, -2030639310L, -84463936L, -152334284L, 
-1564193080L, 608442L, 1357226640L, -509280532L, 1741527636L, 
-932893038L, 1555459360L, -909007412L, 2078887648L, -69237566L, 
1190050856L, 1478292396L, 790343356L, 1285298162L, -1526826448L, 
-1771478108L, -1923830344L, -584888486L, 1052958864L, -1934078084L, 
-1039092460L, 623388994L, -488008448L, -1935539780L, 716072272L, 
-1543950046L, -2092002744L, 295879692L, 1423061596L, -1794185774L, 
-1553048064L, 1341962580L, -1582625560L, -1566394118L, -1696220464L, 
-2094416084L, -824630028L, 263437714L, 1228796256L, -1277153268L, 
-1615214368L, -162834846L, 476680360L, -731602868L, 176813948L, 
-1321161422L, -1209201040L, -1930930364L, -2145162280L, 1484072826L, 
362578992L, -716159044L, 1561958996L, 202913858L, 455280288L, 
-823553348L, 410144720L, 1398845794L, 2079009512L, -12956468L, 
-517715460L, -1379896846L, 1682389120L, -1085211148L, -428905848L, 
-1999411398L, -1247321776L, 1186938988L, 526968212L, -1015909294L, 
923939296L, 1543319756L, -2096842080L, 152533378L, -1252324120L, 
-1402645780L, 1981675836L, -1535576974L, -1508721040L, 2134787620L, 
355543096L, -1427843814L, -823439152L, -1986364100L, 251477908L, 
-696631422L, 72507328L, -1021196740L, -1979659888L, -345611230L, 
-1955530488L, 1677636748L, 1148347164L, 1942280338L, -716207744L, 
596466708L, 872537896L, 697566778L, 1502933456L, 1693544812L, 
-567216204L, 1206091282L, -570399776L, 1930700236L, -1783495456L, 
111579170L, 1003796264L, 577648140L, -219344068L, 2119660530L, 
66874096L, 465119812L, 2018928216L, 894564154L, -1181101072L, 
636348092L, 2107467028L, 5927106L, -863347616L, 1868298620L, 
-1984063536L, -1791387358L, -135418200L, -1847149684L, 545086652L, 
1640267570L, 1149649472L, -713677644L, 1075053640L, 461216186L, 
-1248297456L, -454686484L, -1428285100L, -1574709486L, 104560032L, 
-1088841012L, 1846957664L, -1933525054L, 481714984L, 211905964L, 
-2056031940L, -688775310L, -659488464L, -2115580124L, -1124031176L, 
1554914010L, -1040955504L, -2071751940L, 1829113748L, -1817114558L, 
1699544320L, 648539196L, -1746801328L, 2011928738L, -1486112952L, 
-1763854580L, -2109388068L, 308998994L, 185709184L, 971921492L, 
-1975194648L, -2018756870L, 1688709456L, -747699412L, -754858124L, 
-159456366L, 1497314912L, -1956532340L, 1936888672L, 2109261794L, 
22855592L, 7216332L, 575868412L, -1393480782L, 1013041648L, 1478535620L, 
-1532960424L, -1180973702L, 2054713776L, 1819529148L, 1342574676L, 
-518249534L, -101841888L, 1130536124L, -1995433392L, 78774242L, 
682628712L, 1102781004L, -272113412L, 426160114L, -2105697024L, 
1900640116L, -2075484152L, -1422056006L, 1707441616L, -1808022548L, 
-1149239404L, 1746287570L, -224610464L, -1883134644L, -1933787543L, 
1013097179L, 679296556L, 420437562L, -1475520273L, -1375083655L, 
1578242062L, 1698944476L, 998864461L, -1461602889L, -847738048L, 
1772358174L, -419361557L, -1792174995L, 39920858L, -291787624L, 
1949219585L, 1447551155L, 105458644L, -1950853406L, -1259436169L, 
545458881L, -691160506L, 1168790916L, 1883695925L, -274097889L, 
200126584L, -816804522L, -928230429L, 1974144421L, 1991290946L, 
1666752048L, 295437913L, 1123172299L, 1460551740L, 1880845930L, 
1606558879L, 182052137L, -1312026178L, 52924588L, -1394596355L, 
-885019321L, 583026224L, -653242546L, 1502462843L, 318022877L, 
2022270218L, -55295960L, -2081885039L, -1929584509L, 1711501700L, 
336388018L, 475963655L, -1129696431L, -269077802L, 1856367540L, 
1307841477L, -2146630897L, -374455928L, -1185131354L, 510764115L, 
-3922507L, 1246284562L, -2041923360L, -1349644983L, 155733883L, 
2112035404L, -92429350L, 230042063L, 1438384025L, 1899337646L, 
1816468668L, 228169005L, -1030633769L, 639946528L, -758986626L, 
-1227297205L, 1698612301L, 1676151418L, 934798008L, -673818527L, 
2045618707L, 488194100L, 1347354178L, -715613609L, 908683681L, 
57764454L, -1122190748L, 89721237L, 98607807L, 907213400L, -386519434L, 
803271299L, -1911634235L, -1807404062L, 2009853520L, 127376249L, 
335278251L, -1380050916L, -850020534L, -1298608321L, -1299279479L, 
150999454L, 1527023692L, 1692582429L, -1747980377L, -1693482288L, 
857904238L, 1230523163L, -1721629571L, 912284266L, 394521352L, 
1619698609L, 883041315L, 2028588324L, -743978542L, 1953389095L, 
-1342372751L, -2080761162L, 1868138068L, -1730204955L, -2093422865L, 
-2025967064L, 1822905990L, -1936416589L, 1214658069L, -961922958L, 
-1583373120L, -1526892247L, -1116979301L, -789587860L, -1997140870L, 
-215312977L, 588797113L, -1672012082L, -849290212L, -2140356723L, 
1037244919L, -445846272L, 458312542L, -78177237L, -177319123L, 
-931184742L, 1553952088L, -938852159L, -1345536141L, -905083756L, 
